183693
181590
635899
635768
211005
636096
182385
181570
635683
211011
181473
181194
635681
060399
181470
181496
636099
181584
055406
181976
181588
210963
210958
051267
181891
181984
636095
636092
055260
636367
636277
636168
635593
635769
635292
181979
055365
055399
635775
635577
090587
635776
181980
181191
181975
181977
635697
636069
210973
181586
220322
100201
635589
635590
180279
181498
181978
182068
181471
181192
636434
635691
181985
220326
182298
181868
090582
181567
636416
636197
635282
210976
181974
635666
181982
635680
636079
636419
220217
636366
211019
090492
635097
635283
186320
610437
181592
635295
181585
181566
186309
182378
210912
090475
090567
181569
181384
181679
181591
181399
054590
181694
068768
090520
635371
635698
635595
636199
181381
068752
181369
211016
181370
181371
181482
182383
210957
181382
181568
635979
181564
211007
636080
090566
635693
182386
181892
220208
068767
636166
092213
636444
636098
090490
210915
210972
181367
182379
181386
210908
636418
635181
635767
635978
181889
055405
055527
090571
636164
182467
181499
181867
186228
181798
635594
186319
211015
181081
182771
181483
054596
635764
055233
635684
181385
211004
181368
181193
220206
210950
635273
635596
182376
635599
636443
635199
220325
635699
182772
060389
210964
635366
635968
181281
636175
220209
185729
635997
182088
181880
090434
182296
183167
181768
180597
181484
181485
182198
210910
186111
635364
090382
635578
054599
068754
181486
090487
181480
635689
090585
181488
210962
181278
635686
055166
182077
090343
181795
635582
181878
180898
210959
635268
635965
181799
181890
180299
180680
636283
634990
055232
220213
181082
060423
636174
181195
182199
180976
635998
182197
210980
635368
094235
220333
181769
181383
635970
180679
635773
090437
636177
635770
181394
181886
090433
220334
182389
180195
635469
181497
635897
220117
181695
636167
181479
090436
636282
635999
181373
181396
635581
636372
610435
090488
182387
636176
090491
181280
090443
181391
181475
610432
635694
220204
635289
100153
181472
068694
053619
635685
181972
181766
180695
220323
182388
181196
181879
181489
181282
186110
180477
181884
182564
090342
090281
636173
180194
092049
610440
090586
211006
090448
060394
068770
210909
055437
635573
636178
635598
092048
182464
055404
186310
182565
635971
180365
090599
186307
636289
055363
181397
635774
180977
181182
181478
181991
068750
635588
180992
635690
220321
636198
184931
636489
211052
055409
636291
181393
181084
636417
636276
055364
635772
220335
181997
182082
181176
636811
182368
635667
181865
180690
636299
090702
636281
182690
181465
636172
090703
636264
181971
181989
211009
055407
090367
090568
182086
182299
090718
180197
182070
181487
182465
181491
182892
182474
181893
090655
181274
181895
181372
181490
182396
181468
182491
055607
210574
211048
181495
181467
636280
636507
636580
183166
211017
060469
060482
181469
182081
181678
180684
182566
092046
182078
055623
092360
636285
211008
220215
181864
636365
182071
182366
182498
182395
182075
636503
071139
182394
182496
210487
636474
090674
090681
610448
060485
090658
220231
636574
220145
181988
182288
055479
181466
211061
182069
060465
635669
060411
055305
211090
181181
090654
181894
180572
183193
055298
090713
636575
220341
090677
182494
186342
094634
220225
182397
211051
636479
090377
636504
636576
636298
210960
090657
220232
211050
182073
060468
182080
090572
092051
182497
055516
182688
182295
182072
182365
183472
181896
090705
635688
182499
211047
181986
636265
180964
183164
181392
211104
182297
220222
182495
181872
181273
183366
181887
090489
220218
181366
636494
181674
182364
181873
181676
182074
183194
182466
182076
183097
183096
636584
182687
636669
636290
182689
182876
211039
182276
180283
181874
055427
181573
090476
211092
636636
182367
183367
181476
182490
636292
182390
181774
060463
211067
055410
060372
090365
636506
060488
090570
636369
220223
060392
183165
183099
220220
636279
090667
060462
090627
092033
182489
636370
636195
636272
181464
636266
220142
635668
186336
210992
636505
182976
636644
182972
636482
636674
636498
090712
183272
182782
211088
182971
636661
636667
636659
636495
636578
636632
211101
635672
636649
182577
183368
636749
211091
182682
182391
183671
183670
183485
183098
060617
182974
636483
636481
200111
055686
183493
636663
182973
181786
090578
090704
211098
182791
610449
636657
636467
181697
200108
182398
090715
182399
220339
060585
060580
636658
090191
636643
220233
182970
182475
636639
182792
636646
220226
182578
636267
060593
060618
211105
055705
092055
220346
055697
211132
183898
183481
181571
182567
180770
182568
060438
093652
182783
200110
182779
060481
635671
636671
220141
060565
090680
060480
211137
182085
636737
636647
055706
211136
183270
182492
093651
636270
610436
183470
182790
182696
182083
183569
090864
180598
636472
181665
182084
184725
610442
220345
054793
181565
183796
636781
055704
636827
636681
055426
181572
183275
055530
182282
636817
055433
636813
183484
060587
182878
090683
182975
183897
055687
636739
060588
211089
060584
090653
183568
183669
090862
183276
183675
220359
182697
055480
060566
636475
182694
636497
636814
182784
183383
182786
183295
182569
183093
183397
181283
636668
055585
183865
182778
090922
636819
060564
183564
183573
183381
182572
060436
220340
636182
636190
090816
060581
183288
636824
183395
181699
060596
636822
183572
220353
090888
060407
055694
220221
183396
636675
055531
211134
636635
183392
636741
636641
055476
183071
180693
182773
060579
183598
182695
182699
182079
636897
182681
211169
182571
636886
090981
183864
182693
183565
211148
211123
180196
183092
090822
182965
182692
183467
090871
636832
636790
183282
211133
183280
183283
183391
182765
183389
183689
636810
636678
211145
182480
183286
182698
183294
183285
183069
090945
181787
183688
183281
636894
183599
636676
636642
090818
181264
183393
183668
183676
636825
090856
220347
183593
636789
636750
060678
183571
183277
180270
182482
200114
211094
220237
055730
182789
183091
183278
636829
183398
183964
183394
090855
636960
636818
182574
090882
183382
181669
636823
182575
090823
090854
211102
636650
183287
200113
182998
636463
182481
211122
211150
636664
636293
636628
636796
211049
636816
060769
090726
220228
183296
636801
180272
060524
055691
182877
060667
182891
055651
636614
636833
182580
090699
090697
636619
182780
183284
200116
090838
182781
211144
636820
183065
211187
610450
182888
183279
220230
636836
220246
636883
220351
220238
055808
183072
211103
060662
220229
182787
090902
180271
060658
183070
183387
183390
184184
183384
636882
183570
094134
636679
183583
060674
182573
220366
181690
211130
183066
183797
211087
636738
183369
636830
090866
060672
055683
055729
181667
183798
182895
183984
184282
211165
181666
055625
636484
220352
090824
183691
090863
182869
183064
183966
183692
183981
211131
186141
182473
182894
183386
182570
183567
182767
182967
183090
636946
636912
181670
181668
183380
183388
183581
183780
183983
183469
636945
637022
181788
637047
182868
183475
184070
183799
182997
182999
183695
184187
183768
182691
184185
184166
182488
184384
183985
183779
183473
183474
183594
184073
211190
200118
183591
183178
182867
183973
184066
182485
182487
636958
185362
636963
211220
183269
186044
055894
183972
183476
636950
183592
090946
636957
060759
636954
636917
183694
183677
091013
185361
184099
181789
090944
090920
055760
636879
636924
184071
182866
183982
183197
182884
211155
636949
182886
211141
090919
090912
181792
200112
183597
183968
183681
186140
637040
220357
636916
637157
220364
637023
183471
182766
184069
183385
183987
636794
183986
211170
182470
183777
211162
090898
220360
220365
183870
636788
182768
184699
184382
636815
182595
636626
183068
200120
636783
220242
211164
090917
184170
211213
186224
184383
090833
183199
636896
181765
200119
182793
636898
182594
184293
183977
055953
055626
636943
636961
636923
636964
090913
636925
637161
090596
183988
637024
183778
183177
636799
211199
636762
637192
060735
637171
636809
183596
183974
636967
184179
211183
090865
183899
060754
060739
091009
200123
637173
636756
181987
637167
637162
183769
182885
183767
183687
211166
636927
183170
211219
183468
220372
636922
060760
220249
636764
183889
184072
090817
211231
184199
060782
091005
184181
060758
184485
211230
060766
092618
183784
184365
184379
184165
636812
183379
211064
184180
183168
182887
184092
184385
637164
184395
091012
184372
184373
060967
637168
180599
184169
180199
184364
184579
211229
184168
184380
184567
637214
183682
184093
220252
056084
180264
060952
184295
211168
055828
055825
181671
182785
184764
060964
220379
637154
181284
637096
060976
183979
060969
184396
637147
220261
184583
184167
055824
220392
183970
184296
220244
181882
637189
220260
056079
184469
184578
184771
184299
183791
183179
184297
060977
182091
184298
211215
060598
060966
184474
056080
056058
211241
637221
637123
055928
060792
184368
184767
060970
637193
184281
220254
181673
211201
211163
091138
183785
185294
637139
184397
091051
184067
200143
211240
636965
184378
056075
637174
061202
637146
184374
060997
184171
184770
060989
056094
061204
184766
060653
184375
184369
637135
183786
200142
182179
183971
060975
060983
182995
183464
185284
184367
211214
182092
211242
055652
056067
211186
637035
637217
183775
183989
220381
183975
637125
183793
184269
183690
060981
211236
186043
183291
183268
184594
200127
060953
183679
181784
184398
184595
184582
636806
184381
184564
184495
183990
637199
184198
183866
184468
184094
091052
636926
183770
183772
184391
090982
184294
184351
091161
091160
184098
183792
186142
184392
185771
181883
184393
185083
637225
183198
183678
184768
056072
637136
055923
182066
184196
211248
184183
091178
220368
184576
637038
635692
635943
220210
055528
220331
090479
055408
055624
636490
060474
060473
636670
636091
220332
055692
220236
636583
060676
636499
636784
183967
220363
200126
220251
636947
637037
636828
636959
060972
060982
637169
056073
637179
637041
637198
220504
220378
220386
220376
060938
